0.259785	-0.686845	0.261972	-0.021421	-0.145455	-0.300613	-0.072600	0.034826	-0.242424	-0.617021	-0.532778	-0.813923	-0.558875	-0.672625	-0.379310	-0.654135	-0.712121	-0.283019	-0.718310	-0.724138	0.039488	-0.752132	0.013895	-0.316850	-0.131579	-0.654704	-0.361022	0.113402	-0.685039	-0.712418	1.000000
-0.167116	-0.446737	-0.173381	-0.459173	-0.200000	-0.325153	-0.531616	-0.343284	-0.212121	-0.531915	-0.714596	-0.723757	-0.735476	-0.823092	-0.724138	-0.413534	-0.858586	-0.509434	-0.661972	-0.793103	-0.111348	-0.186567	-0.142487	-0.452517	-0.092105	0.035887	-0.367412	0.243986	-0.122047	-0.346405	1.000000
0.153770	0.020629	0.224656	-0.169035	-0.200000	0.392638	-0.035129	0.114428	0.353535	0.191489	-0.388627	0.417901	-0.028130	-0.591340	-0.931034	0.218045	-0.550505	0.547170	0.042254	-0.172414	-0.072928	-0.044776	0.008915	-0.436296	-0.565789	-0.295829	-0.418530	0.216495	-0.362205	-0.385621	1.000000
-0.280704	-0.200541	-0.258932	-0.574719	-0.054545	0.030675	-0.334895	-0.124378	0.202020	-0.191489	-0.897139	-0.724641	-0.872497	-0.946776	-0.862069	-0.563910	-0.863636	-0.471698	-0.802817	-0.793103	-0.310566	0.129531	-0.282932	-0.650167	0.065789	0.235694	-0.115016	0.855670	0.062992	-0.045752	1.000000
-0.049742	-0.034833	-0.046230	-0.358812	0.218182	-0.196319	0.133489	0.194030	0.202020	-0.404255	-0.645781	-0.541215	-0.694482	-0.772214	-0.586207	-0.563910	-0.747475	-0.584906	-0.633803	-0.793103	-0.078620	0.069829	-0.146471	-0.430397	0.210526	-0.361785	-0.107029	0.271478	-0.224409	-0.607843	1.000000
-0.133986	-0.447413	-0.126391	-0.436946	-0.072727	-0.159509	-0.367681	-0.223881	-0.050505	-0.361702	-0.839189	-0.855912	-0.865617	-0.894553	-0.862069	-0.593985	-0.863636	-0.660377	-0.746479	-0.793103	-0.126290	-0.187633	-0.180338	-0.471195	-0.026316	0.072745	-0.158147	0.278351	0.066929	-0.111111	1.000000
-0.384827	-0.248563	-0.383457	-0.647338	-0.109091	-0.343558	-0.503513	-0.462687	-0.333333	-0.404255	-0.926838	-0.897901	-0.925741	-0.956227	-0.793103	-0.699248	-0.848485	-0.509434	-0.830986	-0.862069	-0.459267	-0.253731	-0.433338	-0.727094	0.184211	-0.233754	-0.196486	0.553265	-0.507874	-0.320261	1.000000
-0.520186	-0.667230	-0.526639	-0.740573	-0.090909	-0.558282	-0.690867	-0.731343	-0.373737	-0.574468	-0.889895	-0.836906	-0.897187	-0.951184	-0.793103	-0.819549	-0.883838	-0.773585	-0.830986	-0.931034	-0.585201	-0.537313	-0.606853	-0.804660	0.026316	-0.633366	-0.512780	-0.553265	-0.531496	-0.633987	-1.000000
-0.530598	-0.423064	-0.558842	-0.750498	-0.454545	-0.822086	-0.906323	-0.870647	-0.181818	-0.531915	-0.916697	-0.879337	-0.928097	-0.960149	-0.655172	-0.909774	-0.934343	-0.698113	-0.661972	-0.862069	-0.632159	-0.503731	-0.668709	-0.831891	-0.434211	-0.879728	-0.853035	-0.567010	-0.519685	-0.751634	-1.000000
0.157556	-0.400744	0.129293	-0.144433	-0.054545	-0.337423	-0.381733	-0.104478	-0.131313	-0.574468	-0.553785	-0.631823	-0.615511	-0.642516	-0.724138	-0.684211	-0.853535	-0.433962	-0.690141	-0.862069	0.295624	-0.140725	0.192191	-0.036669	0.197368	-0.371484	-0.380192	0.436426	-0.220472	-0.633987	1.000000
-0.268399	-0.196483	-0.284638	-0.564454	0.109091	-0.282209	-0.395785	-0.194030	-0.020202	-0.234043	-0.774719	-0.650829	-0.813598	-0.875651	-0.862069	-0.593985	-0.868687	-0.509434	-0.718310	-0.793103	-0.292778	-0.004264	-0.349669	-0.606616	-0.131579	-0.220175	-0.426518	0.257732	-0.157480	-0.294118	1.000000
-0.460552	-0.044302	-0.462373	-0.698409	0.072727	-0.343558	-0.470726	-0.313433	-0.151515	-0.319149	-0.772546	-0.638453	-0.795505	-0.889211	-0.586207	-0.639098	-0.848485	-0.509434	-0.774648	-0.793103	-0.348275	0.143390	-0.388515	-0.654394	0.500000	-0.264791	-0.357827	0.182131	-0.283465	-0.372549	1.000000
-0.806143	-0.484613	-0.792689	-0.909226	-0.018182	-0.251534	0.466042	-0.562189	0.060606	0.276596	-0.844259	-0.631381	-0.893700	-0.959402	-0.448276	0.263158	0.535354	0.245283	-0.042254	-0.379310	-0.830665	-0.433369	-0.849694	-0.931429	0.013158	-0.206596	1.000000	0.202749	0.051181	-0.176471	-1.000000
-0.451086	-0.541427	-0.480616	-0.695440	-0.181818	-0.797546	-0.826698	-0.711443	-0.464646	-0.702128	-0.909453	-0.773260	-0.932715	-0.956937	-0.586207	-0.939850	-0.919192	-0.660377	-0.577465	-0.931034	-0.606546	-0.587420	-0.648787	-0.818276	-0.223684	-0.914646	-0.833866	-0.594502	-0.677165	-0.882353	-1.000000
-0.139666	-0.327697	-0.166471	-0.428038	-0.290909	-0.601227	-0.540984	-0.343284	-0.252525	-0.829787	-0.540022	-0.710055	-0.597418	-0.729368	-0.379310	-0.699248	-0.823232	-0.320755	-0.774648	-0.931034	-0.157595	-0.331557	-0.219184	-0.489874	0.039474	-0.656644	-0.547923	0.044674	-0.570866	-0.882353	1.000000
-0.380094	-0.916808	-0.390229	-0.647338	0.381818	-0.472393	-0.676815	-0.343284	0.353535	-0.319149	-0.784136	-0.710939	-0.821420	-0.903444	-0.241379	-0.609023	-0.939394	-0.698113	-0.492958	-0.655172	-0.562433	-0.974947	-0.592111	-0.793403	-0.026316	-0.784675	-0.864217	-0.491409	-0.547244	-0.777778	-1.000000
-0.443514	-0.439297	-0.455463	-0.692216	-0.163636	-0.533742	-0.817330	-0.771144	-0.333333	-0.574468	-0.888446	-0.675138	-0.903784	-0.949391	-0.793103	-0.774436	-0.893939	-0.698113	-0.746479	-0.862069	-0.551049	-0.317697	-0.586932	-0.785244	-0.236842	-0.637245	-0.723642	-0.457045	-0.519685	-0.686275	-1.000000
0.147144	0.121407	0.179048	-0.161400	0.254545	-0.018405	-0.091335	0.462687	-0.424242	-0.063830	-0.705179	0.127072	-0.524667	-0.774754	-0.586207	-0.127820	-0.893939	-0.320755	-0.352113	-0.379310	-0.117752	0.103412	-0.094676	-0.453008	-0.105263	-0.505335	-0.611821	0.264605	-0.704724	-0.516340	1.000000
-0.276918	-0.032127	-0.298183	-0.559533	-0.327273	-0.588957	-0.854801	-0.701493	-0.373737	-0.617021	-0.811662	-0.668066	-0.856571	-0.899297	-0.793103	-0.759398	-0.944444	-0.660377	-0.633803	-0.862069	-0.418001	-0.089019	-0.477165	-0.695979	-0.460526	-0.709020	-0.853035	-0.525773	-0.622047	-0.777778	-1.000000
-0.205926	-0.117349	-0.220372	-0.503966	-0.290909	-0.478528	-0.475410	-0.253731	-0.333333	-0.531915	-0.854401	-0.787403	-0.875795	-0.915435	-0.448276	-0.669173	-0.772727	-0.320755	-0.521127	-0.931034	-0.395233	-0.263326	-0.431346	-0.682609	-0.276316	-0.664403	-0.544728	0.017182	-0.606299	-0.830065	1.000000
-0.507880	-0.450118	-0.530095	-0.739046	-0.072727	-0.680982	-0.882904	-0.711443	-0.151515	-0.319149	-0.816009	-0.491271	-0.844226	-0.934113	-0.793103	-0.849624	-0.944444	-0.433962	-0.605634	-0.862069	-0.651370	-0.525586	-0.683948	-0.847621	-0.434211	-0.870029	-0.920128	-0.594502	-0.736220	-0.751634	-1.000000
-0.295849	-0.319581	-0.299426	-0.576670	-0.181818	-0.417178	-0.559719	-0.422886	-0.171717	-0.404255	-0.871061	-0.340994	-0.847430	-0.925110	-0.586207	-0.593985	-0.833333	-0.471698	-0.802817	-0.793103	-0.402348	0.004264	-0.411425	-0.684821	-0.052632	-0.464597	-0.490415	0.072165	-0.543307	-0.490196	1.000000
-0.490842	-0.402773	-0.513233	-0.725811	-0.418182	-0.699387	-0.878220	-0.810945	-0.454545	-0.531915	-0.994205	-0.763978	-0.991424	-0.990941	-0.931034	-0.879699	-0.939394	-0.773585	-0.859155	-1.000000	-0.618641	-0.175373	-0.649883	-0.823584	-0.381579	-0.672163	-0.690096	-0.422680	-0.440945	-0.777778	-1.000000
-0.665957	-0.291173	-0.656554	-0.838218	0.072727	-0.319018	-0.695550	-0.691542	-0.131313	0.191489	-0.839189	-0.337017	-0.878999	-0.951035	-0.310345	-0.473684	-0.767677	-0.433962	-0.577465	-0.586207	-0.770189	-0.428038	-0.778774	-0.907000	-0.223684	-0.654704	-0.792332	-0.580756	-0.677165	-0.542484	-1.000000
-0.531544	-0.200541	-0.547509	-0.749650	-0.181818	-0.638037	-0.845433	-0.800995	-0.363636	-0.489362	-0.855125	-0.751160	-0.882863	-0.932805	-0.586207	-0.654135	-0.909091	-0.698113	-0.859155	-0.793103	-0.591604	-0.246802	-0.630161	-0.804463	0.039474	-0.586809	-0.760383	-0.505155	-0.653543	-0.607843	-1.000000
-0.167116	-0.107203	-0.144358	-0.457815	0.145455	-0.042945	-0.002342	-0.054726	0.050505	-0.021277	-0.681275	-0.685304	-0.732272	-0.806394	-0.517241	-0.428571	-0.696970	-0.471698	-0.802817	-0.655172	-0.127713	-0.014925	-0.204243	-0.465788	0.513158	-0.097963	0.175719	0.395189	-0.326772	-0.084967	1.000000
-0.372521	0.013189	-0.392302	-0.635970	-0.272727	-0.631902	-0.751756	-0.691542	-0.292929	-0.531915	-0.913799	-0.714917	-0.906234	-0.951333	-0.862069	-0.849624	-0.909091	-0.735849	-0.859155	-1.000000	-0.362504	0.259062	-0.374570	-0.673860	-0.000000	-0.493695	-0.392971	-0.085911	-0.248031	-0.686275	1.000000
0.085617	-0.174839	0.056043	-0.209756	-0.254545	-0.521472	-0.461358	-0.323383	-0.363636	-0.702128	-0.649402	-0.627845	-0.716440	-0.770085	-0.724138	-0.819549	-0.853535	-0.660377	-0.802817	-0.931034	0.038065	0.032516	-0.051845	-0.309477	-0.013158	-0.610087	-0.367412	-0.051546	-0.389764	-0.725490	1.000000
-0.452033	-0.136963	-0.475779	-0.692216	-0.309091	-0.760736	-0.779859	-0.731343	-0.474747	-0.531915	-0.909453	-0.549171	-0.934034	-0.951184	-0.655172	-0.849624	-0.883838	-0.660377	-0.774648	-0.862069	-0.533262	0.138060	-0.585338	-0.769760	-0.065789	-0.757517	-0.651757	-0.360825	-0.500000	-0.660131	1.000000
-0.552369	-0.529253	-0.572524	-0.762375	-0.054545	-0.742331	-0.831382	-0.741294	-0.717172	-0.617021	-0.755886	-0.050608	-0.764312	-0.897019	-0.655172	-0.819549	-0.863636	-0.509434	-0.830986	-0.793103	-0.615795	-0.282516	-0.643907	-0.822306	-0.263158	-0.852570	-0.832268	-0.518900	-0.940945	-0.764706	-1.000000
-0.245681	-0.468380	-0.266671	-0.546469	0.163636	-0.319018	-0.278689	-0.144279	-0.090909	-0.489362	-0.142340	-0.517348	-0.277953	-0.644758	-0.448276	-0.503759	-0.666667	0.056604	0.239437	-0.862069	-0.244397	-0.498401	-0.292893	-0.613547	-0.078947	-0.633366	-0.463259	0.147766	-0.271654	-0.790850	1.000000
-0.534384	-0.665878	-0.525672	-0.754571	0.127273	-0.319018	-0.826698	-0.701493	-0.050505	0.191489	-0.794277	-0.870055	-0.786647	-0.931909	-0.448276	-0.323308	-0.858586	-0.584906	-0.352113	-0.448276	-0.628602	-0.760661	-0.642911	-0.840543	-0.065789	-0.563531	-0.849840	-0.587629	-0.539370	-0.359477	-1.000000
-0.430262	-0.251268	-0.451040	-0.681103	0.109091	-0.650307	-0.854801	-0.741294	0.494949	-0.531915	-0.776892	-0.574807	-0.800594	-0.895487	-0.655172	-0.864662	-0.904040	-0.547170	-0.380282	-0.931034	-0.556741	-0.355544	-0.597490	-0.787898	-0.223684	-0.838991	-0.870607	-0.567010	-0.354331	-0.882353	-1.000000
-0.629041	-0.780183	-0.655863	-0.810562	-0.600000	-0.889571	-0.985948	-0.930348	-0.616162	-0.702128	-0.876856	-0.822762	-0.900957	-0.956152	-0.724138	-0.939850	-0.989899	-0.849057	-0.774648	-0.862069	-0.684810	-0.670576	-0.724488	-0.860008	-0.394737	-0.891368	-0.969649	-0.725086	-0.535433	-0.712418	-1.000000
-0.651758	-0.632060	-0.672448	-0.825154	-0.363636	-0.852761	-1.000000	-1.000000	-0.121212	-0.574468	-0.841362	-0.308287	-0.868256	-0.943302	-0.517241	-0.879699	-1.000000	-1.000000	-0.295775	-1.000000	-0.743152	-0.617271	-0.772997	-0.890336	-0.513158	-0.920466	-1.000000	-1.000000	-0.547244	-0.908497	-1.000000
-0.723319	-0.435238	-0.712390	-0.865196	-0.200000	-0.325153	-0.386417	-0.631841	-0.383838	0.319149	-0.768924	-0.159779	-0.776186	-0.922757	-0.241379	0.293233	-0.393939	-0.056604	-0.126761	0.172414	-0.763074	-0.340618	-0.774292	-0.899233	-0.223684	-0.480116	-0.442492	-0.319588	-0.586614	-0.202614	-1.000000
-0.580766	-0.647616	-0.588971	-0.780700	-0.309091	-0.613497	-0.709602	-0.761194	-0.888889	-0.489362	-0.839189	-0.669392	-0.892098	-0.940351	-0.655172	-0.473684	-0.702020	-0.358491	-0.605634	-0.724138	-0.684098	-0.697228	-0.714030	-0.861384	-0.460526	-0.740058	-0.736422	-0.567010	-0.901575	-0.751634	-1.000000
-0.452033	-0.208657	-0.471633	-0.691283	-0.381818	-0.711656	-0.854801	-0.711443	-0.363636	-0.446809	-0.551612	-0.386519	-0.589031	-0.824997	-0.793103	-0.759398	-0.888889	-0.320755	-0.267606	-0.655172	-0.585912	-0.388060	-0.615220	-0.806184	-0.697368	-0.877789	-0.916933	-0.670103	-0.755906	-0.816993	-1.000000
-0.725969	-0.488671	-0.735609	-0.871135	0.018182	-0.674847	-0.915691	-0.800995	-0.121212	-0.446809	-0.926114	-0.565967	-0.928380	-0.979350	-0.448276	-0.849624	-0.959596	-0.698113	-0.605634	-0.931034	-0.822839	-0.402985	-0.833956	-0.928038	-0.065789	-0.809893	-0.900958	-0.615120	-0.437008	-0.751634	-1.000000
-0.011879	0.072032	-0.022735	-0.317497	-0.127273	-0.411043	-0.213115	-0.343284	-0.747475	-0.617021	-0.697211	-0.422320	-0.716345	-0.806768	1.000000	0.263158	-0.272727	0.471698	-0.605634	-0.172414	-0.278549	-0.144456	-0.302854	-0.589166	-0.302632	-0.705141	-0.552716	-0.243986	-0.984252	-0.830065	1.000000
-0.348857	-0.511667	-0.348075	-0.630626	-0.090909	-0.184049	-0.536300	-0.442786	0.060606	-0.191489	-0.895690	-0.631381	-0.889177	-0.940650	-0.724138	-0.518797	-0.803030	-0.471698	-0.690141	-0.724138	-0.443614	-0.205224	-0.462224	-0.722326	-0.013158	-0.204656	-0.258786	0.134021	-0.185039	-0.333333	1.000000
0.213403	-0.198512	0.187340	-0.078261	-0.254545	-0.312883	-0.405152	-0.134328	0.040404	-0.744681	-0.389352	-0.634917	-0.460020	-0.560708	-0.655172	-0.548872	-0.828283	-0.358491	-0.690141	-0.793103	0.266453	-0.114072	0.194183	-0.103519	-0.157895	-0.423860	-0.421725	0.250859	-0.405512	-0.633987	1.000000
-0.377254	-0.716605	-0.380831	-0.645557	-0.054545	-0.386503	-0.629977	-0.552239	-0.090909	-0.446809	-0.894966	-0.939006	-0.881826	-0.946851	-0.724138	-0.684211	-0.873737	-0.698113	-0.718310	-0.862069	-0.498399	-0.727612	-0.495094	-0.753539	-0.118421	-0.528613	-0.587859	-0.374570	-0.409449	-0.647059	-1.000000
-0.404704	-0.505580	-0.436666	-0.658197	-0.436364	-0.809816	-0.831382	-0.751244	-0.555556	-0.702128	-0.868888	-0.765304	-0.878716	-0.933216	-0.724138	-0.864662	-0.883838	-0.660377	-0.802817	-0.931034	-0.487015	-0.382729	-0.517605	-0.742627	-0.250000	-0.798254	-0.714058	-0.333333	-0.625984	-0.725490	-1.000000
-0.672583	-0.611092	-0.684472	-0.842121	-0.054545	-0.644172	-0.967213	-0.880597	-0.262626	-0.404255	-0.942774	-0.760000	-0.957499	-0.981106	-0.655172	-0.909774	-0.984848	-0.811321	-0.802817	-0.862069	-0.744575	-0.585288	-0.770307	-0.896677	-0.171053	-0.829292	-0.958466	-0.690722	-0.582677	-0.633987	-1.000000
-0.598751	0.630030	-0.626840	-0.793595	-0.545455	-0.895706	-0.976581	-0.940299	-0.212121	-0.659574	-0.918870	-0.431160	-0.931018	-0.967658	-0.862069	-0.924812	-0.984848	-0.886792	-0.690141	-0.862069	-0.684810	0.586354	-0.720803	-0.859565	-0.618421	-0.918526	-0.963259	-0.793814	-0.468504	-0.764706	-1.000000
0.280610	0.224214	0.252298	-0.002757	-0.290909	-0.460123	-0.274005	-0.174129	-0.606061	-0.744681	-0.701557	-0.633591	-0.716345	-0.763884	-0.793103	-0.714286	-0.823232	-0.584906	-0.859155	-0.862069	0.176805	0.351812	0.118482	-0.170861	-0.328947	-0.516974	-0.337061	0.072165	-0.653543	-0.633987	1.000000
-0.755218	-0.580656	-0.773063	-0.884539	-0.418182	-0.865031	-0.920375	-0.830846	-0.505051	-0.404255	-0.925389	-0.792265	-0.956839	-0.978192	-0.310345	-0.879699	-0.939394	-0.622642	-0.549296	-0.793103	-0.816435	-0.619403	-0.847303	-0.925924	0.039474	-0.868089	-0.884984	-0.505155	-0.527559	-0.647059	-1.000000
0.536182	0.167399	0.516274	0.295016	-0.236364	-0.085890	-0.086651	0.233831	-0.141414	-0.446809	-0.314741	-0.733039	-0.388399	-0.443412	-0.724138	-0.593985	-0.772727	-0.358491	-0.774648	-0.862069	0.642120	0.198827	0.549778	0.356076	0.013158	-0.251212	-0.070288	0.780069	-0.393701	-0.581699	1.000000
-0.314781	0.226919	-0.326100	-0.592450	-0.472727	-0.478528	-0.484778	-0.562189	-0.717172	-0.531915	-0.838464	-0.131934	-0.872968	-0.913492	-0.724138	-0.609023	-0.808081	-0.622642	-0.887324	-0.793103	-0.443614	0.520256	-0.481149	-0.715494	-0.513158	-0.580989	-0.511182	-0.436426	-0.870079	-0.699346	-1.000000
-0.411330	-0.477849	-0.442471	-0.662269	-0.654545	-0.840491	-0.798595	-0.890547	-0.565657	-0.744681	-0.963057	-0.451492	-0.989068	-0.974755	-0.724138	-0.789474	-0.843434	-0.811321	-0.661972	-0.931034	-0.572394	-0.157783	-0.622790	-0.795124	-0.486842	-0.759457	-0.632588	-0.656357	-0.523622	-0.777778	-1.000000
-0.023238	-0.501522	-0.043466	-0.334295	-0.127273	-0.478528	-0.405152	-0.164179	-0.242424	-0.744681	-0.857298	-0.780331	-0.864675	-0.899783	-0.793103	-0.804511	-0.883838	-0.509434	-0.830986	-0.931034	-0.151903	-0.303305	-0.198267	-0.490366	-0.065789	-0.586809	-0.460064	0.278351	-0.377953	-0.660131	1.000000
0.180274	-0.349341	0.143114	-0.130011	-0.072727	-0.386503	-0.353630	-0.144279	-0.272727	-0.744681	-0.649402	-0.878895	-0.713518	-0.760186	-0.793103	-0.759398	-0.863636	-0.509434	-0.830986	-0.862069	0.264319	-0.331023	0.122466	-0.121707	0.039474	-0.439379	-0.309904	0.374570	-0.283465	-0.542484	1.000000
-0.178475	-0.087589	-0.082164	-0.465536	0.054545	0.791411	0.489461	0.373134	0.454545	0.319149	-0.145237	-0.074475	-0.117655	-0.508037	-0.310345	-0.127820	-0.585859	0.132075	-0.577465	-0.655172	-0.151903	0.045842	-0.070770	-0.488400	0.039474	-0.049467	-0.012780	0.690722	-0.322835	-0.385621	1.000000
-0.190780	0.613121	-0.171999	-0.489799	-0.036364	-0.110429	-0.180328	-0.164179	0.040404	-0.319149	-0.905831	-0.594254	-0.892004	-0.939417	-0.793103	-0.639098	-0.853535	-0.622642	-0.943662	-0.862069	-0.248666	1.000000	-0.244086	-0.582285	0.539474	0.026188	-0.089457	0.381443	-0.232283	-0.150327	1.000000
-0.657438	-0.375042	-0.647709	-0.827869	-0.200000	-0.411043	-0.700234	-0.741294	-0.131313	-0.361702	-0.755161	-0.630055	-0.748103	-0.924176	-0.655172	-0.488722	-0.828283	-0.471698	-0.239437	-0.862069	-0.718961	-0.417910	-0.722397	-0.882226	-0.342105	-0.563531	-0.693291	-0.457045	-0.456693	-0.725490	-1.000000
-0.592125	-0.774772	-0.606938	-0.792577	-0.181818	-0.650307	-0.845433	-0.721393	-0.282828	-0.446809	-0.943499	-0.925304	-0.961645	-0.976212	-0.724138	-0.864662	-0.934343	-0.660377	-0.746479	-0.862069	-0.687656	-0.778252	-0.722496	-0.866152	-0.144737	-0.759457	-0.795527	-0.395189	-0.539370	-0.673203	-1.000000
0.397984	-0.237065	0.430585	0.143160	-0.254545	0.085890	0.030445	0.084577	-0.333333	-0.489362	-0.235784	-0.561547	-0.235735	-0.439677	-0.724138	-0.278195	-0.681818	-0.396226	-0.690141	-0.724138	0.441480	-0.138593	0.449176	0.080810	-0.263158	-0.136760	-0.071885	0.264605	-0.500000	-0.555556	1.000000
0.119693	-0.305377	0.065718	-0.186850	-0.345455	-0.754601	-0.625293	-0.422886	-0.505051	-1.000000	-0.843535	-0.793149	-0.848655	-0.888165	-0.586207	-0.864662	-0.868687	-0.433962	-0.690141	-0.931034	-0.144077	-0.345416	-0.217192	-0.483484	-0.302632	-0.827352	-0.646965	-0.113402	-0.602362	-0.973856	1.000000
-0.349804	-0.630030	-0.375302	-0.623415	-0.236364	-0.644172	-0.789227	-0.631841	0.060606	-0.617021	-0.901485	-0.752486	-0.898883	-0.952902	-0.862069	-0.804511	-0.924242	-0.622642	-0.802817	-0.931034	-0.498399	-0.481876	-0.522287	-0.761699	-0.381579	-0.718720	-0.766773	-0.312715	-0.448819	-0.816993	-1.000000
-0.244735	-0.364897	-0.264184	-0.538664	-0.327273	-0.515337	-0.723653	-0.522388	-0.171717	-0.617021	-0.872510	-0.740110	-0.866748	-0.932506	-0.793103	-0.714286	-0.924242	-0.547170	-0.802817	-0.862069	-0.408040	-0.244670	-0.415409	-0.692981	-0.210526	-0.464597	-0.712460	0.024055	-0.448819	-0.607843	-1.000000
-0.665957	-0.095029	-0.681294	-0.838218	-0.109091	-0.699387	-0.882904	-0.810945	-0.353535	-0.319149	-0.873234	-0.653923	-0.855628	-0.948606	-0.448276	-0.819549	-0.904040	-0.547170	-0.239437	-0.931034	-0.786553	-0.349680	-0.803875	-0.912751	-0.434211	-0.885548	-0.932907	-0.786942	-0.736220	-0.830065	-1.000000
-0.553315	-0.364220	-0.577914	-0.766532	-0.363636	-0.791411	-0.925059	-0.890547	-0.111111	-0.531915	-0.965230	-0.527072	-0.966828	-0.983272	-0.724138	-0.894737	-0.949495	-0.698113	-0.577465	-0.931034	-0.667022	-0.225480	-0.696100	-0.853569	-0.328947	-0.840931	-0.873802	-0.608247	-0.240157	-0.803922	-1.000000
-0.568460	-0.931688	-0.586207	-0.774677	-0.400000	-0.748466	-0.934426	-0.910448	-0.222222	-0.531915	-0.986237	-1.000000	-0.967017	-0.990153	-0.862069	-0.834586	-0.949495	-0.811321	-0.661972	-0.931034	-0.686233	-0.954691	-0.693013	-0.861089	-0.500000	-0.736178	-0.867412	-0.676976	-0.279528	-0.751634	-1.000000
-0.847035	-0.398715	-0.857646	-0.934083	-0.018182	-0.760736	-1.000000	-1.000000	0.111111	0.021277	-0.837016	0.068287	-0.861942	-0.958879	0.310345	-0.819549	-1.000000	-1.000000	0.492958	-0.586207	-0.927286	-0.444563	-0.937846	-0.973014	-0.157895	-0.901067	-1.000000	-1.000000	-0.377953	-0.660131	-1.000000
0.063846	-0.380453	0.035312	-0.250477	-0.200000	-0.429448	-0.470726	-0.203980	-0.242424	-0.702128	-0.788482	-0.916022	-0.831315	-0.842741	-0.793103	-0.774436	-0.878788	-0.584906	-0.859155	-0.931034	-0.010317	-0.308102	-0.098660	-0.361089	-0.052632	-0.516974	-0.384984	0.223368	-0.507874	-0.647059	1.000000
-0.120735	-0.256003	-0.127773	-0.431432	0.163636	-0.306748	-0.306792	-0.154229	-0.101010	-0.446809	-0.763854	-0.614586	-0.763181	-0.859514	-0.655172	-0.714286	-0.838384	-0.471698	-0.802817	-0.862069	-0.192458	-0.021322	-0.209224	-0.540012	0.157895	-0.480116	-0.424920	0.085911	-0.393701	-0.647059	1.000000
-0.143452	-0.607711	-0.142976	-0.448823	-0.236364	-0.276074	-0.437939	-0.303483	-0.272727	-0.574468	-0.837016	-0.828508	-0.823588	-0.901128	-0.724138	-0.548872	-0.813131	-0.433962	-0.802817	-0.862069	-0.229456	-0.469083	-0.264007	-0.565081	-0.039474	-0.183317	-0.207668	0.360825	-0.425197	-0.529412	1.000000
0.115907	-0.207305	0.093359	-0.195334	-0.309091	-0.257669	-0.503513	-0.393035	-0.101010	-0.531915	-0.616081	-0.482873	-0.659615	-0.695748	-0.586207	-0.443609	-0.803030	-0.320755	-0.605634	-0.793103	0.181786	0.191365	0.102545	-0.170370	0.039474	-0.115422	-0.260383	0.408935	-0.165354	-0.424837	1.000000
-0.709499	-0.471086	-0.715016	-0.858070	-0.127273	-0.668712	-0.882904	-0.820896	-0.161616	-0.446809	-0.891344	-0.268508	-0.903784	-0.962465	-0.586207	-0.819549	-0.914141	-0.698113	-0.633803	-0.862069	-0.770189	-0.210021	-0.785149	-0.902281	-0.092105	-0.780795	-0.830671	-0.553265	-0.476378	-0.712418	-1.000000
-0.613896	-0.644910	-0.617165	-0.804539	-0.090909	-0.558282	-0.747073	-0.671642	-0.272727	-0.191489	-0.965230	-0.795801	-0.943646	-0.985065	-0.655172	-0.744361	-0.858586	-0.622642	-0.577465	-0.862069	-0.716115	-0.579957	-0.707655	-0.874754	-0.065789	-0.623666	-0.632588	-0.257732	-0.314961	-0.529412	-1.000000
0.202045	-0.190396	0.190104	-0.108802	-0.181818	-0.294479	-0.128806	0.094527	0.030303	-0.702128	-0.629844	-0.149613	-0.583848	-0.772663	-0.793103	-0.518797	-0.782828	-0.320755	-0.154930	-0.862069	0.054429	0.206823	0.067683	-0.334054	-0.328947	-0.381183	-0.244409	0.553265	-0.023622	-0.686275	1.000000
-0.529651	-0.644910	-0.537834	-0.759745	0.145455	-0.374233	-0.943794	-0.820896	0.414141	-0.319149	-0.819631	-0.695028	-0.839985	-0.925857	-0.724138	-0.669173	-0.959596	-0.584906	-0.464789	-0.862069	-0.652793	-0.696162	-0.674486	-0.847129	-0.236842	-0.687682	-0.950479	-0.670103	-0.385827	-0.725490	-1.000000
-0.606323	-0.705107	-0.620621	-0.795461	-0.636364	-0.742331	-0.789227	-0.850746	-0.363636	-0.531915	-0.775444	-0.801547	-0.757527	-0.917676	-0.724138	-0.518797	-0.772727	-0.433962	-0.352113	-0.724138	-0.701885	-0.797441	-0.709049	-0.868118	-0.763158	-0.807953	-0.808307	-0.731959	-0.598425	-0.803922	-1.000000
-0.130200	-0.569834	-0.136065	-0.452810	-0.163636	-0.233129	-0.686183	-0.462687	-0.060606	-0.319149	-0.955089	-0.942983	-0.944211	-0.969712	-0.793103	-0.759398	-0.898990	-0.547170	-0.690141	-0.793103	-0.356813	-0.620469	-0.375567	-0.667568	-0.302632	-0.557711	-0.662939	-0.140893	-0.374016	-0.542484	-1.000000
-0.834067	-0.517754	-0.841338	-0.922969	-0.072727	-0.662577	-1.000000	-1.000000	-0.070707	-0.106383	-0.706628	-0.240221	-0.772888	-0.917639	-0.034483	-0.729323	-1.000000	-1.000000	-0.690141	-0.586207	-0.840626	-0.425373	-0.864535	-0.935214	-0.013158	-0.798254	-1.000000	-1.000000	-0.653543	-0.555556	-1.000000
-0.613896	-0.653703	-0.633474	-0.800891	-0.563636	-0.822086	-0.873536	-0.930348	-0.515152	-0.489362	-0.946396	-0.855028	-0.952316	-0.976922	-0.862069	-0.804511	-0.904040	-0.849057	-0.887324	-0.793103	-0.662042	-0.555970	-0.697395	-0.846884	-0.460526	-0.687682	-0.667732	-0.615120	-0.594488	-0.516340	-1.000000
-0.543850	-0.489347	-0.565061	-0.755334	-0.309091	-0.736196	-0.864169	-0.840796	-0.202020	-0.574468	-0.831945	-0.655249	-0.861660	-0.931797	-0.793103	-0.729323	-0.893939	-0.811321	-0.802817	-0.862069	-0.607257	-0.335288	-0.645500	-0.814786	-0.302632	-0.716780	-0.768371	-0.628866	-0.519685	-0.660131	-1.000000
-0.625254	-0.399391	-0.632368	-0.807847	-0.145455	-0.656442	-0.770492	-0.711443	-0.565657	-0.319149	-0.805867	-0.388729	-0.786929	-0.929107	-0.448276	-0.714286	-0.898990	-0.547170	-0.633803	-0.862069	-0.681964	-0.277186	-0.677773	-0.858828	-0.144737	-0.734239	-0.774760	-0.457045	-0.728346	-0.712418	-1.000000
-0.499361	-0.444707	-0.521526	-0.726320	-0.381818	-0.717791	-0.850117	-0.731343	-0.080808	-0.744681	-0.839189	-0.371934	-0.875418	-0.929070	-0.724138	-0.684211	-0.893939	-0.584906	-0.492958	-0.931034	-0.561010	-0.101279	-0.615618	-0.791093	-0.302632	-0.703201	-0.779553	-0.347079	-0.251969	-0.816993	-1.000000
-0.585499	-0.468380	-0.603345	-0.782566	-0.345455	-0.791411	-0.868852	-0.791045	-0.454545	-0.617021	-0.942050	-0.471823	-0.943269	-0.974382	-0.793103	-0.879699	-0.939394	-0.773585	-0.859155	-0.931034	-0.635717	0.295309	-0.654764	-0.834792	-0.026316	-0.738118	-0.710863	-0.402062	-0.444882	-0.712418	-1.000000
-0.771310	-0.190396	-0.779421	-0.893701	-0.509091	-0.742331	-0.826698	-0.950249	-0.787879	-0.276596	-0.994929	-0.636685	-0.960703	-1.000000	-0.724138	-0.624060	-0.813131	-0.811321	-0.661972	-0.724138	-0.855212	-0.148721	-0.838637	-0.943079	-0.500000	-0.685742	-0.701278	-0.821306	-0.677165	-0.516340	-1.000000
-0.228643	0.359486	-0.268606	-0.511347	-0.454545	-0.834356	-0.779859	-0.731343	-0.202020	-0.872340	-0.742122	-0.440000	-0.784573	-0.855890	-0.655172	-0.819549	-0.873737	-0.660377	-0.323944	-0.931034	-0.336179	0.326759	-0.405448	-0.633209	-0.421053	-0.860330	-0.752396	-0.546392	-0.342520	-0.908497	1.000000
-0.270292	-0.711194	-0.247737	-0.565133	-0.090909	0.012270	-0.320843	-0.373134	0.040404	0.021277	-0.685621	-0.491271	-0.619469	-0.840687	-0.448276	-0.248120	-0.732323	-0.396226	-0.464789	-0.724138	-0.393099	-0.663113	-0.365606	-0.693276	-0.210526	-0.346266	-0.485623	-0.237113	-0.500000	-0.516340	-1.000000
-0.487056	-0.460940	-0.479234	-0.724878	-0.054545	-0.306748	-0.639344	-0.721393	-0.242424	-0.106383	-0.952916	-0.513812	-0.863639	-0.967770	-0.448276	-0.533835	-0.752525	-0.547170	-0.605634	-0.655172	-0.647812	-0.419510	-0.609542	-0.837495	-0.026316	-0.542192	-0.616613	-0.491409	-0.606299	-0.490196	-1.000000
-0.259880	-0.462293	-0.280077	-0.549268	-0.290909	-0.570552	-0.807963	-0.771144	-0.161616	-0.617021	-0.921767	-0.884199	-0.931678	-0.951632	-0.793103	-0.849624	-0.909091	-0.735849	-0.577465	-0.931034	-0.395233	-0.428571	-0.447283	-0.683297	-0.315789	-0.687682	-0.670927	-0.429553	-0.196850	-0.764706	-1.000000
0.336457	-0.268854	0.303434	0.052386	-0.200000	-0.392638	-0.264637	0.154229	-0.505051	-0.702128	-0.600145	-0.557569	-0.643312	-0.719506	-0.793103	-0.714286	-0.838384	-0.433962	-0.943662	-0.931034	0.262896	0.068763	0.173266	-0.097129	-0.131579	-0.451018	-0.297125	0.567010	-0.720472	-0.751634	1.000000
0.193525	0.034156	0.159699	-0.111347	-0.090909	-0.509202	-0.222482	-0.094527	-0.393939	-0.829787	-0.742847	-0.551381	-0.796541	-0.815547	-0.310345	-0.744361	-0.752525	-0.433962	-0.774648	-0.931034	-0.038776	0.009595	-0.109617	-0.392548	0.078947	-0.695441	-0.364217	0.010309	-0.712598	-0.921569	1.000000
-0.559941	0.324315	-0.570451	-0.769586	-0.254545	-0.588957	-0.662763	-0.800995	-0.252525	-0.489362	-0.853676	-0.086851	-0.868727	-0.939006	-0.448276	-0.669173	-0.782828	-0.660377	-0.521127	-0.931034	-0.630736	0.428038	-0.645102	-0.831597	-0.078947	-0.658584	-0.533546	-0.532646	-0.480315	-0.777778	-1.000000
-0.410384	0.051065	-0.442886	-0.665408	-0.363636	-0.797546	-0.868852	-0.791045	-0.434343	-0.744681	-0.930460	-0.562431	-0.947510	-0.959738	-0.724138	-0.909774	-0.924242	-0.773585	-0.859155	-0.931034	-0.543223	0.183902	-0.592808	-0.779935	-0.236842	-0.846751	-0.777955	-0.587629	-0.653543	-0.830065	-1.000000
-0.430262	0.042949	-0.463479	-0.680424	-0.436364	-0.803681	-0.943794	-0.820896	-0.383838	-0.829787	-0.891344	-0.614586	-0.915186	-0.946253	-0.724138	-0.894737	-0.969697	-0.773585	-0.887324	-0.931034	-0.543935	0.058635	-0.595099	-0.782098	-0.328947	-0.840931	-0.928115	-0.594502	-0.704724	-0.895425	-1.000000
-0.407544	-0.295232	-0.404602	-0.661166	-0.454545	-0.368098	-0.526932	-0.721393	-0.454545	-0.404255	-0.877581	-0.799337	-0.753852	-0.936466	-0.793103	-0.022556	-0.611111	-0.471698	-0.802817	-0.517241	-0.465671	-0.281450	-0.356641	-0.730486	-0.355263	0.043647	0.047923	-0.065292	-0.496063	-0.084967	-1.000000
-0.248521	-0.646939	-0.272200	-0.539003	-0.490909	-0.595092	-0.742389	-0.681592	-0.363636	-0.702128	-0.903658	-0.967735	-0.899260	-0.938334	-0.931034	-0.759398	-0.883838	-0.698113	-0.915493	-0.931034	-0.341871	-0.669510	-0.386523	-0.645399	-0.539474	-0.511154	-0.496805	-0.209622	-0.555118	-0.633987	-1.000000
-0.446353	-0.592831	-0.459609	-0.691707	-0.327273	-0.607362	-0.728337	-0.691542	-0.353535	-0.617021	-0.972474	-0.943425	-0.958724	-0.981927	-0.793103	-0.759398	-0.833333	-0.698113	-0.774648	-0.931034	-0.561722	-0.609275	-0.573584	-0.793256	-0.184211	-0.546072	-0.444089	-0.326460	-0.429134	-0.699346	-1.000000
-0.385773	-0.705783	-0.398383	-0.658282	-0.018182	-0.404908	-0.728337	-0.472637	-0.272727	-0.319149	-0.965954	-0.905856	-0.967488	-0.977445	-0.862069	-0.804511	-0.934343	-0.660377	-0.746479	-0.862069	-0.509072	-0.664179	-0.556452	-0.766516	-0.105263	-0.567410	-0.704473	-0.079038	-0.342520	-0.503268	-1.000000
-0.171849	-0.893811	-0.184438	-0.487847	-0.072727	-0.319018	-0.442623	-0.383085	-0.272727	-0.446809	-0.963057	-0.988066	-0.963624	-0.973597	-0.724138	-0.759398	-0.833333	-0.584906	-0.887324	-0.931034	-0.353967	-0.883795	-0.381543	-0.671107	0.092105	-0.474297	-0.361022	-0.003436	-0.606299	-0.647059	-1.000000
0.028823	-0.761921	-0.021353	-0.280085	-0.545455	-0.736196	-0.793911	-0.582090	-0.838384	-0.914894	-0.731257	-0.696796	-0.773265	-0.835083	-0.862069	-0.909774	-0.939394	-0.735849	-0.859155	-1.000000	-0.154038	-0.658849	-0.236117	-0.496264	-0.631579	-0.858390	-0.832268	-0.429553	-0.913386	-0.947712	-1.000000
-0.117895	-0.594860	-0.158178	-0.426257	-0.254545	-0.705521	-0.742389	-0.542289	-0.343434	-0.702128	-0.931184	-0.950939	-0.963342	-0.948196	-0.655172	-0.849624	-0.873737	-0.471698	-0.859155	-0.862069	-0.331910	-0.694030	-0.408437	-0.634782	-0.157895	-0.788555	-0.688498	-0.065292	-0.708661	-0.777778	-1.000000
-0.236216	-0.366926	-0.261005	-0.526278	-0.290909	-0.588957	-0.648712	-0.572139	-0.494949	-0.617021	-0.801521	-0.629613	-0.823493	-0.881628	-0.793103	-0.789474	-0.848485	-0.660377	-0.887324	-0.931034	-0.313412	-0.144989	-0.368594	-0.615710	-0.289474	-0.645005	-0.541534	-0.230241	-0.716535	-0.803922	1.000000
0.072365	-0.264795	0.064336	-0.229268	-0.018182	-0.349693	-0.264637	-0.054726	-0.191919	-0.617021	-0.686346	-0.751602	-0.768082	-0.773783	-0.724138	-0.744361	-0.853535	-0.622642	-0.774648	-0.862069	-0.008894	-0.244136	-0.085711	-0.357157	0.026316	-0.559651	-0.399361	0.037801	-0.405512	-0.686275	1.000000
-0.363056	-0.393304	-0.378896	-0.637328	-0.163636	-0.460123	-0.747073	-0.621891	-0.343434	-0.234043	-0.850054	-0.607072	-0.856100	-0.926604	-0.655172	-0.684211	-0.893939	-0.471698	-0.690141	-0.793103	-0.489150	-0.274520	-0.511729	-0.746018	-0.065789	-0.553831	-0.690096	-0.120275	-0.492126	-0.542484	-1.000000
-0.548583	-0.469056	-0.556354	-0.762969	-0.018182	-0.521472	-0.751756	-0.562189	-0.454545	-0.276596	-0.763854	-0.316243	-0.774584	-0.910878	-0.655172	-0.759398	-0.914141	-0.509434	-0.718310	-0.931034	-0.603700	-0.149254	-0.620399	-0.819554	-0.157895	-0.693501	-0.781150	-0.305842	-0.637795	-0.699346	-1.000000
-0.554262	-0.003720	-0.549720	-0.776967	0.290909	-0.165644	-0.789227	-0.552239	0.080808	0.021277	-0.866715	-0.284862	-0.867973	-0.947150	-0.241379	-0.503759	-0.904040	-0.320755	-0.774648	-0.655172	-0.640697	0.075160	-0.644305	-0.851308	0.394737	-0.421920	-0.776358	-0.099656	-0.511811	-0.411765	-1.000000
-0.929197	0.067298	-0.942091	-0.970053	-0.490909	-0.815951	-1.000000	-1.000000	-0.181818	-0.021277	-0.807316	-0.512928	-0.836498	-0.953911	-0.241379	-0.879699	-1.000000	-1.000000	-0.408451	-0.586207	-0.918392	0.007463	-0.932666	-0.969131	-0.276316	-0.891368	-1.000000	-1.000000	-0.409449	-0.424837	-1.000000
-0.932794	0.063916	-0.937116	-0.977179	-0.381818	-0.380368	-0.564403	-0.860697	-0.010101	0.191489	-0.921767	-0.505414	-0.935165	-0.981591	-0.103448	-0.052632	-0.530303	-0.471698	-0.633803	-0.517241	-0.946781	0.059168	-0.959361	-0.981125	0.171053	-0.458778	-0.458466	-0.656357	-0.515748	-0.320261	-1.000000
-0.568460	-0.680081	-0.573492	-0.779936	-0.145455	-0.429448	-0.686183	-0.741294	-0.232323	-0.234043	-0.879754	-0.377680	-0.917919	-0.947486	-0.310345	-0.413534	-0.717172	-0.433962	-0.718310	-0.655172	-0.691925	-0.591684	-0.717416	-0.866005	-0.171053	-0.641125	-0.712460	-0.525773	-0.696850	-0.660131	-1.000000
-0.291116	0.033480	-0.281045	-0.564878	-0.363636	-0.361963	-0.526932	-0.611940	-0.181818	-0.446809	-0.897139	-0.682210	-0.824907	-0.939081	-0.655172	-0.323308	-0.808081	-0.547170	-0.633803	-0.655172	-0.410174	0.050640	-0.371582	-0.693423	-0.171053	-0.237633	-0.354633	-0.175258	-0.358268	-0.385621	-1.000000
-0.689621	-0.535340	-0.695114	-0.849586	-0.345455	-0.619632	-0.793911	-0.761194	-0.383838	-0.276596	-0.998551	-0.706961	-0.978137	-0.998043	-0.448276	-0.563910	-0.868687	-0.584906	-0.577465	-0.655172	-0.793668	-0.465885	-0.794113	-0.915356	-0.013158	-0.615907	-0.715655	-0.429553	-0.555118	-0.477124	-1.000000
-0.571300	-0.038214	-0.575289	-0.779427	-0.272727	-0.490798	-0.480094	-0.592040	-0.666667	-0.319149	-0.908004	0.124420	-0.888894	-0.962017	-0.586207	-0.578947	-0.712121	-0.509434	-0.802817	-0.724138	-0.676272	0.340085	-0.682554	-0.857943	-0.223684	-0.563531	-0.420128	-0.333333	-0.783465	-0.581699	-1.000000
-0.330872	0.179574	-0.342271	-0.612386	-0.163636	-0.423313	-0.789227	-0.572139	-0.515152	-0.489362	-0.817457	-0.499669	-0.799180	-0.913941	-0.655172	-0.624060	-0.893939	-0.396226	-0.633803	-0.724138	-0.475631	0.127399	-0.504059	-0.743659	-0.302632	-0.613967	-0.787540	-0.278351	-0.728346	-0.633987	-1.000000
-0.600644	0.329726	-0.628498	-0.794274	-0.618182	-0.895706	-1.000000	-1.000000	-1.000000	-0.787234	-0.853676	0.562873	-0.878999	-0.940201	-0.586207	-0.894737	-1.000000	-1.000000	-0.661972	-0.931034	-0.716115	0.400853	-0.753175	-0.874951	-0.710526	-0.945684	-1.000000	-1.000000	-0.996063	-0.947712	-1.000000
0.379999	-0.142374	0.357335	0.132980	0.054545	-0.404908	0.142857	0.383085	-0.323232	-0.744681	-0.229265	-0.603978	-0.348254	-0.432579	-0.448276	-0.593985	-0.737374	-0.056604	-0.915493	-0.793103	0.246531	-0.233475	0.152348	-0.094672	-0.078947	-0.643065	-0.343450	0.525773	-0.803150	-0.790850	1.000000
-0.089498	0.242475	-0.108424	-0.393765	-0.418182	-0.490798	-0.564403	-0.472637	-0.464646	-0.744681	-0.750815	-0.683978	-0.748575	-0.844049	-0.724138	-0.473684	-0.762626	-0.396226	-0.859155	-0.793103	-0.213803	0.178038	-0.240102	-0.538537	-0.434211	-0.452958	-0.456869	-0.024055	-0.740157	-0.699346	1.000000
