0.286289	-0.454853	0.231567	0.003181	-0.418182	-0.631902	-0.592506	-0.303483	-0.242424	-0.702128	-0.687070	-0.834696	-0.751119	-0.748680	-0.793103	-0.834586	-0.904040	-0.509434	-0.830986	-0.793103	0.213803	-0.392857	0.079635	-0.129571	-0.302632	-0.689622	-0.613419	0.278351	-0.531496	-0.555556	1.000000
-0.144399	-0.084883	-0.185820	-0.444920	-0.472727	-0.705521	-0.845433	-0.671642	-0.525253	-0.702128	-0.805867	-0.634475	-0.838948	-0.874082	-0.862069	-0.894737	-0.944444	-0.698113	-0.802817	-0.862069	-0.198862	0.165245	-0.268987	-0.525757	-0.381579	-0.751697	-0.766773	-0.312715	-0.452756	-0.607843	1.000000
-0.160490	-0.036862	-0.171999	-0.457731	-0.436364	-0.503067	-0.536300	-0.462687	-0.202020	-0.872340	-0.789207	-0.682652	-0.797767	-0.888763	-0.448276	-0.563910	-0.742424	-0.245283	-0.380282	-0.862069	-0.366062	-0.166311	-0.386523	-0.660195	-0.447368	-0.679922	-0.629393	-0.230241	-0.507874	-0.895425	1.000000
-0.761181	-0.815353	-0.771267	-0.889374	-0.109091	-0.717791	-0.859485	-0.791045	-0.232323	-0.191489	-0.880478	-0.727293	-0.891439	-0.966761	-0.448276	-0.819549	-0.898990	-0.471698	-0.661972	-0.862069	-0.836357	-0.805970	-0.853379	-0.936247	-0.197368	-0.829292	-0.857827	-0.573883	-0.649606	-0.699346	-1.000000
0.342136	-0.098411	0.290996	0.069353	-0.254545	-0.490798	-0.484778	-0.144279	-0.282828	-0.872340	-0.579862	-0.660994	-0.665834	-0.674306	-0.793103	-0.834586	-0.914141	-0.622642	-0.915493	-0.931034	0.511206	0.256397	0.370487	0.194357	-0.092105	-0.548012	-0.495208	0.381443	-0.503937	-0.738562	1.000000
-0.084765	-0.210687	-0.084928	-0.354316	0.072727	-0.220859	-0.288056	-0.084577	-0.050505	-0.446809	-0.496559	-0.760442	-0.557273	-0.642143	-0.724138	-0.744361	-0.863636	-0.584906	-0.802817	-0.862069	0.318392	0.041578	0.260919	-0.002261	0.434211	-0.357905	-0.249201	0.443299	-0.192913	-0.464052	1.000000
0.102655	0.041596	0.119619	-0.198727	-0.036364	0.042945	0.086651	0.233831	0.131313	-0.489362	-0.479174	-0.511160	-0.546059	-0.633178	-0.724138	-0.518797	-0.737374	-0.547170	-0.661972	-0.724138	0.082889	0.172175	0.096569	-0.270153	0.026316	-0.225994	-0.020767	0.271478	-0.259843	-0.437908	1.000000
-0.076246	-0.196483	-0.083546	-0.384093	-0.218182	-0.294479	-0.367681	-0.402985	-0.151515	-0.702128	-0.746469	-0.752486	-0.787872	-0.856600	-0.724138	-0.654135	-0.813131	-0.547170	-0.436620	-0.862069	-0.140519	-0.093817	-0.172369	-0.486925	0.118421	-0.307468	-0.135783	0.243986	0.299213	-0.594771	1.000000
-0.698140	-0.650321	-0.713081	-0.857137	0.090909	-0.619632	-0.948478	-0.870647	0.696970	-0.148936	-0.707352	-0.522210	-0.759223	-0.896085	-0.586207	-0.864662	-0.959596	-0.698113	-0.042254	-0.655172	-0.780149	-0.710554	-0.806265	-0.909851	-0.250000	-0.860330	-0.964856	-0.821306	-0.212598	-0.673203	-1.000000
-0.311941	-0.158607	-0.272614	-0.573955	-0.054545	0.116564	0.002342	-0.134328	-0.101010	-0.021277	-0.571170	-0.598674	-0.565000	-0.798363	-0.517241	0.037594	-0.651515	-0.320755	-0.746479	-0.655172	-0.307008	-0.067697	-0.315803	-0.619396	0.223684	0.160039	0.105431	0.223368	-0.496063	-0.241830	1.000000
-0.792513	-0.719310	-0.787022	-0.900403	-0.563636	-0.576687	-0.718970	-0.781095	0.292929	-0.148936	-0.784136	-0.158011	-0.825567	-0.937549	-0.517241	-0.443609	-0.782828	-0.396226	-0.042254	-0.655172	-0.852010	-0.615672	-0.848797	-0.938606	-0.644737	-0.726479	-0.776358	-0.649485	-0.322835	-0.607843	-1.000000
0.131999	-0.215421	0.103034	-0.163097	-0.327273	-0.484663	-0.494145	-0.203980	-0.474747	-0.787234	-0.509598	-0.806409	-0.554351	-0.666611	-0.862069	-0.774436	-0.883838	-0.471698	-0.830986	-0.931034	0.204554	-0.223881	0.150356	-0.173810	-0.368421	-0.598448	-0.570288	0.230241	-0.610236	-0.856209	1.000000
0.249373	-0.035509	0.380831	-0.065536	0.381818	1.000000	0.756440	0.592040	0.868687	0.319149	-0.406012	-0.325967	-0.256279	-0.590592	-0.448276	-0.007519	-0.449495	-0.018868	1.000000	-0.655172	0.098541	0.050107	0.194183	-0.293256	0.223684	0.142580	0.226837	0.725086	0.527559	-0.411765	1.000000
-0.398078	-0.584038	-0.409854	-0.680594	-0.000000	-0.171779	-0.451991	-0.303483	-0.111111	-0.191489	-0.873959	-0.710055	-0.926683	-0.976997	-0.655172	-0.488722	-0.797980	-0.471698	-0.633803	-0.724138	-0.459267	-0.404584	-0.539320	-0.788783	0.092105	-0.123181	-0.223642	0.175258	-0.224409	-0.385621	-1.000000
-0.290170	-0.205276	-0.302605	-0.571835	-0.254545	-0.509202	-0.437939	-0.512438	0.030303	-0.744681	-0.776892	-0.177901	-0.760260	-0.880209	-0.517241	-0.578947	-0.727273	-0.320755	-0.549296	-0.862069	-0.410886	-0.081557	-0.422382	-0.693423	-0.210526	-0.668283	-0.464856	-0.161512	-0.425197	-0.830065	1.000000
-0.387666	-0.419006	-0.408334	-0.650817	-0.109091	-0.613497	-0.812646	-0.721393	-0.414141	-0.702128	-0.867439	-0.552265	-0.873533	-0.931199	-0.724138	-0.804511	-0.904040	-0.660377	-0.690141	-0.931034	-0.489861	-0.257996	-0.530056	-0.747247	-0.171053	-0.712900	-0.779553	-0.457045	-0.559055	-0.856209	-1.000000
-0.235269	-0.315522	-0.218990	-0.523139	-0.072727	-0.165644	-0.203747	-0.124378	-0.191919	-0.446809	-0.735603	-0.733039	-0.722094	-0.849316	-0.517241	-0.473684	-0.752525	-0.283019	-0.802817	-0.793103	-0.267165	-0.349147	-0.271976	-0.587200	0.105263	-0.237633	-0.169329	0.457045	-0.500000	-0.647059	1.000000
-0.587392	-0.218803	-0.603483	-0.785366	-0.363636	-0.711656	-0.761124	-0.810945	-0.565657	-0.361702	-0.911626	-0.723315	-0.920841	-0.964109	-0.517241	-0.789474	-0.878788	-0.773585	-0.774648	-0.931034	-0.638563	-0.086887	-0.665521	-0.836365	0.302632	-0.625606	-0.501597	-0.429553	-0.500000	-0.568627	-1.000000
-0.465285	-0.252621	-0.469836	-0.714189	-0.163636	-0.374233	-0.503513	-0.402985	-0.313131	-0.106383	-0.833394	-0.362210	-0.815860	-0.948905	-0.241379	-0.428571	-0.742424	-0.132075	-0.633803	-0.655172	-0.615795	-0.283049	-0.615618	-0.831793	-0.236842	-0.615907	-0.645367	-0.243986	-0.736220	-0.607843	-1.000000
-0.349804	-0.492729	-0.382904	-0.622312	-0.363636	-0.742331	-0.934426	-0.890547	-0.444444	-0.617021	-0.923216	-0.780773	-0.930453	-0.958506	-0.793103	-0.894737	-0.954545	-0.811321	-0.887324	-0.931034	-0.462113	-0.383795	-0.503063	-0.734221	-0.407895	-0.790495	-0.870607	-0.649485	-0.685039	-0.777778	-1.000000
-0.135880	-0.435915	-0.152650	-0.432025	-0.200000	-0.417178	-0.559719	-0.412935	-0.191919	-0.489362	-0.570445	-0.570387	-0.644160	-0.748680	-0.655172	-0.744361	-0.843434	-0.547170	-0.690141	-0.862069	-0.146923	-0.293710	-0.217192	-0.484959	-0.210526	-0.617847	-0.552716	-0.161512	-0.515748	-0.647059	1.000000
-0.643239	-0.644234	-0.661806	-0.820318	-0.545455	-0.803681	-0.892272	-0.920398	-0.656566	-0.702128	-0.898587	-0.611492	-0.901145	-0.959141	-0.655172	-0.759398	-0.898990	-0.773585	-0.746479	-0.931034	-0.713981	-0.536247	-0.727277	-0.874164	-0.513158	-0.815713	-0.843450	-0.766323	-0.708661	-0.830065	-1.000000
-0.293956	-0.630030	-0.306475	-0.578706	-0.145455	-0.490798	-0.601874	-0.452736	-0.333333	-0.531915	-0.906556	-0.832486	-0.871554	-0.946216	-0.724138	-0.684211	-0.843434	-0.433962	-0.802817	-0.862069	-0.436499	-0.582623	-0.420389	-0.714068	-0.197368	-0.520854	-0.504792	0.099656	-0.555118	-0.712418	-1.000000
-0.007147	0.012513	-0.000622	-0.286448	-0.054545	-0.134969	0.011710	0.034826	-0.515152	-0.404255	-0.293010	-0.535912	-0.379918	-0.568553	-0.724138	-0.488722	-0.767677	-0.396226	-0.915493	-0.724138	0.082177	0.082623	0.044773	-0.275069	-0.118421	-0.309408	-0.218850	0.182131	-0.763780	-0.503268	1.000000
-0.243788	-0.510315	-0.275378	-0.539852	-0.163636	-0.631902	-0.878220	-0.621891	-0.272727	-0.744681	-0.884824	-0.621215	-0.892946	-0.934710	-0.793103	-0.819549	-0.964646	-0.660377	-0.830986	-0.931034	-0.418001	-0.414712	-0.460232	-0.700895	-0.328947	-0.734239	-0.894569	-0.415808	-0.669291	-0.882353	-1.000000
-0.389559	-0.329050	-0.418838	-0.642078	-0.327273	-0.730061	-0.723653	-0.661692	-0.454545	-0.702128	-0.740674	-0.652155	-0.775244	-0.863287	-0.724138	-0.864662	-0.888889	-0.660377	-0.802817	-0.931034	-0.284952	-0.048507	-0.340704	-0.602635	-0.092105	-0.751697	-0.578275	-0.202749	-0.480315	-0.751634	1.000000
0.915756	-0.177545	0.911547	0.787063	0.018182	0.055215	0.344262	0.870647	-0.252525	-0.659574	-0.475552	-0.504530	-0.522876	-0.544645	-0.793103	-0.654135	-0.843434	-0.547170	-0.774648	-0.862069	0.792245	0.110341	0.697196	0.489776	-0.000000	-0.270611	-0.146965	0.848797	-0.488189	-0.660131	1.000000
-0.214445	-0.141021	-0.238062	-0.518897	-0.309091	-0.472393	-0.747073	-0.671642	-0.323232	-0.446809	-0.932633	-0.939890	-0.944683	-0.952454	-0.931034	-0.819549	-0.909091	-0.773585	-0.887324	-0.862069	-0.297759	-0.146588	-0.368594	-0.612711	-0.223684	-0.412221	-0.420128	-0.154639	-0.362205	-0.437908	1.000000
-0.542903	-0.480555	-0.564923	-0.757879	-0.127273	-0.773006	-0.887588	-0.840796	-0.333333	-0.659574	-0.946396	-0.307845	-0.976064	-0.971356	-0.586207	-0.894737	-0.919192	-0.773585	-0.352113	-0.931034	-0.669868	-0.229211	-0.709547	-0.850423	-0.144737	-0.858390	-0.859425	-0.704467	-0.354331	-0.856209	-1.000000
-0.353590	-0.050389	-0.339783	-0.614592	0.436364	-0.030675	-0.269321	-0.084577	0.202020	0.021277	-0.671858	-0.306077	-0.702964	-0.828472	-0.517241	-0.563910	-0.843434	-0.509434	-0.661972	-0.724138	-0.198150	0.590085	-0.222172	-0.524282	1.000000	-0.041707	-0.257188	0.381443	0.129921	-0.294118	1.000000
-0.229590	-0.528576	-0.239997	-0.513807	-0.345455	-0.527607	-0.644028	-0.592040	-0.464646	-0.574468	-0.884824	-0.999116	-0.885313	-0.926641	-0.793103	-0.744361	-0.898990	-0.698113	-0.802817	-0.862069	-0.299893	-0.561834	-0.329747	-0.604650	0.026316	-0.406402	-0.468051	-0.140893	-0.267717	-0.450980	1.000000
-0.419849	-0.132229	-0.402529	-0.672619	-0.145455	-0.208589	-0.592506	-0.492537	-0.202020	-0.021277	-0.941326	-0.751602	-0.930830	-0.969040	-0.793103	-0.578947	-0.873737	-0.698113	-0.521127	-0.793103	-0.528993	-0.086354	-0.511231	-0.776789	-0.157895	-0.198836	-0.495208	-0.223368	0.011811	-0.307190	-1.000000
-0.215391	-0.783564	-0.248428	-0.506257	-0.472727	-0.736196	-0.723653	-0.681592	-0.696970	-0.787234	-0.926838	-0.998674	-0.927626	-0.950698	-0.862069	-0.849624	-0.909091	-0.735849	-0.943662	-0.931034	-0.327641	-0.792111	-0.369590	-0.632570	-0.328947	-0.627546	-0.527157	-0.285223	-0.700787	-0.738562	-1.000000
-0.540063	-0.375719	-0.561606	-0.758643	-0.345455	-0.693252	-0.873536	-0.860697	-0.525253	-0.531915	-0.920319	-0.776796	-0.935259	-0.961457	-0.724138	-0.774436	-0.898990	-0.735849	-0.774648	-0.862069	-0.617930	-0.308635	-0.653270	-0.822503	-0.250000	-0.687682	-0.765176	-0.525773	-0.614173	-0.673203	-1.000000
1.000000	-0.407508	1.000000	0.998303	0.109091	-0.184049	0.498829	0.592040	-0.404040	-0.787234	1.000000	-0.506740	1.000000	0.937990	-0.241379	-0.609023	-0.676768	-0.471698	0.126761	-0.793103	0.435788	-0.656183	0.375467	0.137338	-0.434211	-0.757517	-0.488818	0.099656	-0.964567	-1.000000	1.000000
-0.535331	-0.415624	-0.536590	-0.755080	-0.254545	-0.411043	-0.690867	-0.691542	-0.080808	-0.446809	-0.866715	-0.468287	-0.874664	-0.945244	-0.517241	-0.398496	-0.702020	-0.320755	-0.436620	-0.724138	-0.621487	-0.196162	-0.643508	-0.829925	-0.092105	-0.460718	-0.551118	-0.216495	-0.275591	-0.620915	-1.000000
0.187846	0.539398	0.163845	-0.084199	-0.436364	-0.423313	-0.466042	-0.343284	-0.626263	-0.872340	-0.545817	-0.575249	-0.626349	-0.614873	-0.724138	-0.639098	-0.863636	-0.584906	-0.859155	-0.931034	0.420847	0.779851	0.292793	0.126524	-0.078947	-0.257032	-0.361022	0.113402	-0.547244	-0.725490	1.000000
-0.697193	-0.471086	-0.705204	-0.856119	-0.036364	-0.595092	-0.915691	-0.810945	-0.141414	-0.191489	-0.902209	-0.621215	-0.916694	-0.969189	-0.586207	-0.819549	-0.954545	-0.698113	-0.492958	-0.793103	-0.769477	-0.423241	-0.785547	-0.906410	-0.078947	-0.773036	-0.894569	-0.615120	-0.409449	-0.568627	-1.000000
-0.466231	-0.035509	-0.480893	-0.700615	-0.527273	-0.656442	-0.747073	-0.800995	-0.545455	-0.574468	-0.903658	-0.687956	-0.935165	-0.956264	-0.793103	-0.684211	-0.848485	-0.660377	-0.830986	-0.862069	-0.553895	0.028252	-0.598984	-0.784310	-0.315789	-0.383123	-0.375399	-0.189003	-0.500000	-0.464052	-1.000000
-0.332765	-0.219479	-0.364246	-0.609841	-0.309091	-0.693252	-0.929742	-0.810945	-0.535354	-0.659574	-0.893517	-0.494807	-0.914244	-0.942966	-0.655172	-0.819549	-0.964646	-0.622642	-0.859155	-0.862069	-0.473497	-0.026652	-0.523283	-0.739333	-0.236842	-0.759457	-0.900958	-0.450172	-0.736220	-0.725490	-1.000000
-0.369681	-0.601623	-0.397554	-0.633680	-0.254545	-0.711656	-0.779859	-0.631841	-0.333333	-0.702128	-0.846432	-0.866961	-0.883240	-0.923840	-0.724138	-0.849624	-0.909091	-0.584906	-0.690141	-0.931034	-0.507649	-0.625267	-0.564719	-0.755112	-0.250000	-0.802134	-0.755591	-0.367698	-0.618110	-0.869281	-1.000000
-0.485163	-0.639499	-0.518762	-0.717497	-0.527273	-0.907975	-0.948478	-0.890547	-0.505051	-0.659574	-0.997827	-0.861215	-1.000000	-0.991767	-0.931034	-0.954887	-0.969697	-0.849057	-0.746479	-1.000000	-0.625044	-0.554904	-0.666916	-0.823928	-0.565789	-0.901067	-0.900958	-0.718213	-0.472441	-0.830065	-1.000000
0.175541	-0.067298	0.179048	-0.141888	-0.090909	-0.159509	-0.039813	-0.114428	-0.070707	-0.574468	-0.701557	-0.362652	-0.690901	-0.799745	-0.379310	-0.533835	-0.803030	-0.396226	-0.605634	-0.793103	-0.023835	-0.013326	-0.058818	-0.394514	-0.013158	-0.476237	-0.447284	0.072165	-0.464567	-0.725490	1.000000
-0.572247	-0.408860	-0.592426	-0.776119	-0.272727	-0.748466	-0.878220	-0.791045	-0.222222	-0.617021	-0.796451	-0.786519	-0.818405	-0.924587	-0.724138	-0.864662	-0.939394	-0.660377	-0.577465	-1.000000	-0.641409	-0.443497	-0.674187	-0.840887	-0.381579	-0.848691	-0.870607	-0.553265	-0.535433	-0.869281	-1.000000
0.206777	-0.316199	0.201161	-0.098621	-0.036364	0.018405	0.133489	-0.034826	-0.323232	-0.276596	-0.526259	-0.814365	-0.683551	-0.678714	-0.586207	-0.263158	-0.656566	-0.245283	-0.802817	-0.586207	0.234436	-0.276652	0.089596	-0.140877	0.315789	0.103783	0.356230	0.725086	-0.531496	-0.019608	1.000000
0.189739	0.289144	0.241241	-0.097773	-0.272727	0.147239	-0.166276	0.134328	-0.161616	-0.489362	-0.470482	-0.629171	-0.396787	-0.627948	-0.724138	-0.308271	-0.803030	-0.433962	-0.690141	-0.724138	0.218072	0.292644	0.276856	-0.144318	-0.250000	-0.018429	-0.321086	0.333333	-0.503937	-0.411765	1.000000
0.261678	0.173487	0.231567	-0.029056	-0.145455	-0.447853	-0.288056	-0.074627	-0.242424	-0.744681	-0.792829	-0.702541	-0.827546	-0.829891	-0.793103	-0.789474	-0.893939	-0.698113	-0.859155	-0.931034	0.166845	0.446695	0.114498	-0.184624	0.065789	-0.482056	-0.394569	0.168385	-0.374016	-0.673203	1.000000
-0.024185	-0.159959	-0.024117	-0.317667	-0.327273	-0.337423	-0.545667	-0.253731	0.060606	-0.787234	-0.476277	-0.437348	-0.492155	-0.685699	-0.655172	-0.127820	-0.767677	-0.207547	-0.464789	-0.655172	-0.113483	-0.188699	-0.128542	-0.454483	-0.447368	-0.495635	-0.632588	0.051546	-0.405512	-0.738562	1.000000
0.301434	0.448089	0.270265	0.082078	-0.236364	-0.417178	-0.358314	-0.144279	-0.282828	-0.702128	-0.232162	-0.444420	-0.341092	-0.279422	-0.793103	-0.804511	-0.893939	-0.660377	-0.830986	-0.931034	0.747421	0.873134	0.629464	0.595950	-0.092105	-0.540252	-0.450479	0.140893	-0.484252	-0.647059	1.000000
-0.374414	-0.179574	-0.400594	-0.645811	-0.509091	-0.607362	-0.807963	-0.791045	-0.414141	-0.617021	-0.836291	-0.312265	-0.827169	-0.925446	-0.793103	-0.669173	-0.843434	-0.622642	-0.661972	-0.862069	-0.511206	-0.039446	-0.529359	-0.765877	-0.618421	-0.716780	-0.768371	-0.573883	-0.649606	-0.803922	-1.000000
-0.442567	-0.560365	-0.466657	-0.687211	-0.254545	-0.736196	-0.817330	-0.840796	-0.040404	-0.659574	-0.911626	-0.620331	-0.925647	-0.957273	-0.724138	-0.699248	-0.868687	-0.773585	-0.492958	-0.931034	-0.575240	-0.380597	-0.612929	-0.797336	-0.276316	-0.701261	-0.682109	-0.601375	-0.196850	-0.790850	-1.000000
-0.308155	-0.519107	-0.357197	-0.585069	-0.800000	-0.950920	-0.967213	-0.940299	-0.545455	-0.829787	-0.986961	-0.840884	-0.991801	-0.985177	-0.931034	-0.969925	-0.974747	-0.849057	-0.802817	-1.000000	-0.503380	-0.539979	-0.561432	-0.754522	-0.802632	-0.955383	-0.937700	-0.773196	-0.645669	-0.921569	-1.000000
-0.588338	-0.699019	-0.613019	-0.785281	-0.254545	-0.877301	-0.995316	-0.970149	-0.101010	-0.659574	-0.908729	-0.593370	-0.923856	-0.961569	-0.586207	-0.894737	-0.994949	-0.886792	-0.549296	-0.931034	-0.696194	-0.628465	-0.731461	-0.865906	-0.276316	-0.910766	-0.992013	-0.924399	-0.527559	-0.882353	-1.000000
0.152823	0.142374	0.138968	-0.156310	-0.109091	-0.226994	-0.100703	-0.034826	-0.151515	-0.489362	-0.620427	-0.716685	-0.664138	-0.765229	-0.655172	-0.669173	-0.797980	-0.509434	-0.830986	-0.862069	0.123444	0.272921	0.089596	-0.243610	0.407895	-0.307468	-0.081470	0.285223	-0.330709	-0.450980	1.000000
-0.123574	-0.387217	-0.101513	-0.438727	-0.018182	-0.012270	-0.086651	-0.094527	-0.171717	-0.276596	-0.873234	-0.753812	-0.839137	-0.920478	-0.793103	-0.503759	-0.803030	-0.547170	-0.830986	-0.793103	-0.244397	-0.303305	-0.238109	-0.584251	-0.144737	-0.138700	-0.196486	0.189003	-0.523622	-0.333333	1.000000
-0.594964	-0.306730	-0.586345	-0.787402	-0.509091	-0.392638	-0.564403	-0.442786	0.555556	-0.489362	-0.728359	-0.317127	-0.800217	-0.895861	-0.034483	0.218045	-0.590909	0.320755	-0.267606	-0.586207	-0.720384	-0.450426	-0.722496	-0.875934	-0.578947	-0.695441	-0.752396	-0.360825	-0.448819	-0.803922	-1.000000
-0.296796	-0.322286	-0.278004	-0.569459	-0.363636	-0.085890	-0.362998	-0.343284	-0.343434	-0.063830	-0.442955	-0.376796	-0.660463	-0.737362	-0.586207	0.563910	-0.494949	0.056604	-0.070423	0.517241	-0.442191	-0.461087	-0.489118	-0.713871	-0.618421	-0.573230	-0.645367	-0.298969	-0.720472	-0.568627	-1.000000
-0.628094	-0.821441	-0.649644	-0.813192	-0.418182	-0.828221	-0.943794	-0.860697	-0.606061	-0.574468	-0.954364	-0.705193	-0.951939	-0.983982	-0.931034	-0.849624	-0.944444	-0.660377	-0.408451	-0.862069	-0.755247	-0.850746	-0.780766	-0.898250	-0.710526	-0.906887	-0.953674	-0.780069	-0.771654	-0.856209	-1.000000
-0.310994	-0.427798	-0.344482	-0.584645	-0.763636	-0.797546	-0.882904	-0.860697	-0.414141	-0.744681	-0.914524	-0.863425	-0.914809	-0.948606	-0.931034	-0.819549	-0.944444	-0.811321	-0.915493	-0.931034	-0.410174	-0.294243	-0.448279	-0.688114	-0.697368	-0.631426	-0.750799	-0.484536	-0.574803	-0.712418	-1.000000
-0.481376	-0.311464	-0.493608	-0.721909	-0.418182	-0.496933	-0.681499	-0.691542	-0.272727	-0.489362	-0.817457	-0.699448	-0.828299	-0.919619	-0.655172	-0.518797	-0.762626	-0.471698	-0.464789	-0.724138	-0.606546	-0.410981	-0.624284	-0.820045	-0.552632	-0.633366	-0.696486	-0.477663	-0.559055	-0.699346	-1.000000
0.240854	-0.042949	0.256444	-0.063839	-0.000000	0.012270	0.067916	0.273632	0.202020	0.063830	-0.304600	-0.388729	-0.335909	-0.536801	-0.586207	-0.323308	-0.616162	-0.283019	-0.464789	-0.655172	0.120598	-0.071962	0.079635	-0.257373	-0.157895	-0.394762	-0.212460	0.319588	-0.318898	-0.477124	1.000000
-0.562781	-0.000338	-0.579297	-0.767805	-0.600000	-0.766871	-0.906323	-0.870647	-0.111111	-0.617021	-0.899312	-0.369724	-0.886538	-0.957385	-0.724138	-0.684211	-0.919192	-0.735849	-0.323944	-0.931034	-0.679118	0.044776	-0.691419	-0.856813	-0.684211	-0.788555	-0.884984	-0.670103	-0.338583	-0.843137	-1.000000
-0.507880	-0.704430	-0.537558	-0.730308	-0.563636	-0.920245	-0.948478	-0.950249	-0.383838	-0.744681	-0.928287	-0.893923	-0.935824	-0.966313	-0.793103	-0.939850	-0.944444	-0.811321	-0.661972	-1.000000	-0.649947	-0.762793	-0.689327	-0.838822	-0.618421	-0.949564	-0.934505	-0.869416	-0.712598	-0.934641	-1.000000
-0.443514	-0.755834	-0.460576	-0.693489	0.090909	-0.576687	-0.822014	-0.661692	-0.515152	-0.361702	-0.921043	-0.698564	-0.919239	-0.963511	-0.724138	-0.729323	-0.904040	-0.622642	-0.887324	-0.862069	-0.565279	-0.517058	-0.577768	-0.796353	0.105263	-0.619787	-0.714058	-0.202749	-0.677165	-0.594771	-1.000000
-0.505987	-0.628001	-0.527054	-0.733277	-0.381818	-0.717791	-0.906323	-0.830846	-0.414141	-0.531915	-0.894241	-0.802431	-0.886727	-0.954397	-0.793103	-0.819549	-0.944444	-0.811321	-0.859155	-0.931034	-0.585912	-0.501066	-0.594601	-0.804414	-0.276316	-0.677983	-0.813099	-0.615120	-0.566929	-0.673203	-1.000000
-0.496521	-0.370308	-0.528851	-0.727762	-0.454545	-0.858896	-0.962529	-0.910448	-0.515152	-0.617021	-0.947845	-0.481989	-0.958347	-0.975951	-0.586207	-0.909774	-0.964646	-0.735849	-0.690141	-0.931034	-0.614372	-0.123667	-0.660142	-0.823486	-0.328947	-0.875849	-0.942492	-0.725086	-0.610236	-0.777778	-1.000000
-0.295849	-0.538045	-0.303987	-0.577773	-0.181818	-0.417178	-0.625293	-0.582090	-0.141414	-0.404255	-0.828323	-0.818343	-0.819064	-0.905349	-0.793103	-0.563910	-0.808081	-0.547170	-0.690141	-0.862069	-0.378157	-0.494136	-0.392500	-0.667273	-0.236842	-0.398642	-0.399361	-0.030928	-0.413386	-0.568627	-1.000000
0.774717	-0.475820	0.802363	0.583457	0.127273	0.331288	0.578454	0.900498	-0.090909	-0.531915	-0.360377	-0.782983	-0.390755	-0.453498	-0.724138	-0.398496	-0.782828	-0.433962	-0.577465	-0.862069	0.792956	-0.383795	0.781862	0.498624	0.078947	0.099903	0.030351	0.896907	-0.161417	-0.568627	1.000000
-0.233376	0.084207	-0.250777	-0.513807	-0.109091	-0.515337	-0.419204	-0.343284	-0.404040	-0.361702	-0.608113	-0.493481	-0.677991	-0.788688	-0.379310	-0.669173	-0.752525	-0.358491	-0.633803	-0.724138	-0.247243	0.130064	-0.294885	-0.574912	0.250000	-0.594568	-0.356230	0.051546	-0.570866	-0.490196	1.000000
-0.425529	-0.399391	-0.429203	-0.687381	-0.000000	-0.319018	-0.550351	-0.442786	-0.010101	-0.361702	-0.855849	-0.491713	-0.827263	-0.944834	-0.586207	-0.443609	-0.742424	-0.283019	-0.408451	-0.655172	-0.554607	-0.316098	-0.563624	-0.800433	-0.171053	-0.536372	-0.589457	-0.134021	-0.389764	-0.633987	-1.000000
-0.767618	-0.417653	-0.778453	-0.885387	-0.127273	-0.748466	-0.873536	-0.860697	-0.545455	-0.148936	-0.713147	-0.607956	-0.763464	-0.911550	-0.655172	-0.894737	-0.883838	-0.735849	-0.690141	-0.862069	-0.709000	-0.307036	-0.747199	-0.874951	-0.184211	-0.848691	-0.817891	-0.649485	-0.649606	-0.660131	-1.000000
0.251266	0.157930	0.242623	-0.074867	-0.163636	-0.092025	-0.231850	0.253731	-0.171717	-0.574468	-0.374140	-0.322873	-0.399614	-0.638407	-0.586207	-0.323308	-0.702020	-0.056604	-0.183099	-0.793103	0.156884	0.161514	0.091588	-0.269662	-0.250000	-0.388943	-0.408946	0.477663	-0.326772	-0.725490	1.000000
0.394198	-0.490024	0.342133	0.189820	-0.254545	-0.588957	-0.451991	-0.154229	-0.333333	-0.957447	-0.206809	-0.694586	-0.342600	-0.188275	-0.724138	-0.864662	-0.893939	-0.547170	-0.859155	-0.931034	0.623621	-0.231343	0.485034	0.453893	-0.144737	-0.736178	-0.543131	0.250859	-0.625984	-0.869281	1.000000
-0.113162	-0.081502	-0.098749	-0.408780	-0.200000	-0.196319	-0.152225	-0.124378	0.131313	-0.489362	-0.768924	-0.707403	-0.791264	-0.855442	-0.724138	-0.443609	-0.691919	-0.358491	-0.323944	-0.793103	-0.185343	0.013326	-0.214204	-0.518384	-0.065789	-0.148400	0.132588	0.546392	0.283465	-0.464052	1.000000
-0.364949	-0.569834	-0.391196	-0.630456	-0.454545	-0.723926	-0.878220	-0.800995	-0.181818	-0.702128	-0.957986	-0.935028	-0.942044	-0.973112	-0.862069	-0.789474	-0.939394	-0.773585	-0.690141	-0.931034	-0.508360	-0.563433	-0.514418	-0.761404	-0.486842	-0.645005	-0.784345	-0.518900	-0.307087	-0.712418	-1.000000
-0.660277	-0.289144	-0.635685	-0.834740	-0.309091	-0.098160	0.067916	-0.412935	0.141414	0.446809	-1.000000	-0.615028	-0.848655	-0.998409	-0.586207	0.112782	-0.222222	0.094340	-0.774648	-0.241379	-0.792245	-0.424307	-0.740027	-0.918059	-0.434211	-0.350145	-0.036741	0.003436	-0.590551	-0.150327	-1.000000
-0.612002	-0.383159	-0.592150	-0.814973	0.254545	0.202454	-0.208431	-0.363184	0.151515	0.276596	-0.928287	-0.705193	-0.909344	-0.973149	-0.655172	-0.353383	-0.767677	-0.509434	-0.746479	-0.793103	-0.622199	0.108742	-0.588127	-0.841280	0.934211	0.767216	0.341853	0.731959	0.019685	0.111111	1.000000
-0.594018	-0.780183	-0.594085	-0.794019	0.290909	-0.435583	-0.629977	-0.442786	-0.030303	-0.191489	-0.895690	-0.723315	-0.900862	-0.965491	-0.655172	-0.759398	-0.893939	-0.547170	-0.633803	-0.793103	-0.650658	-0.546375	-0.656158	-0.857009	0.184211	-0.580989	-0.640575	-0.092784	-0.299213	-0.516340	-1.000000
-0.194567	-0.306053	-0.189966	-0.489968	0.145455	-0.159509	-0.114754	-0.094527	-0.121212	-0.276596	-0.612459	-0.570829	-0.630778	-0.775464	-0.655172	-0.593985	-0.747475	-0.396226	-0.690141	-0.793103	-0.055852	-0.073028	-0.086708	-0.423024	0.276316	-0.293889	-0.113419	0.457045	-0.358268	-0.385621	1.000000
-0.329926	-0.494758	-0.364799	-0.605005	-0.509091	-0.785276	-0.873536	-0.671642	-0.414141	-0.659574	-0.972474	-0.414365	-0.954766	-0.978080	-0.793103	-0.834586	-0.944444	-0.660377	-0.746479	-1.000000	-0.502668	-0.289979	-0.541710	-0.754571	-0.526316	-0.813773	-0.864217	-0.457045	-0.622047	-0.856209	-1.000000
-0.381987	-0.379100	-0.387603	-0.648271	-0.036364	-0.411043	-0.597190	-0.462687	-0.242424	-0.531915	-0.926114	-0.570387	-0.928757	-0.953351	-0.793103	-0.729323	-0.833333	-0.471698	-0.859155	-0.931034	-0.511206	-0.190832	-0.532646	-0.759143	-0.052632	-0.553831	-0.450479	-0.003436	-0.562992	-0.712418	-1.000000
-0.449193	-0.475820	-0.457398	-0.690520	-0.509091	-0.570552	-0.653396	-0.592040	-0.484848	-0.659574	-0.817457	-0.600000	-0.819912	-0.911214	-0.793103	-0.503759	-0.772727	-0.471698	-0.690141	-0.793103	-0.586624	-0.518124	-0.598486	-0.800531	-0.684211	-0.701261	-0.696486	-0.429553	-0.830709	-0.790850	-1.000000
-0.531544	-0.918837	-0.552899	-0.746172	-0.345455	-0.797546	-0.878220	-0.820896	-0.454545	-0.787234	-0.898587	-0.697238	-0.915940	-0.954621	-0.724138	-0.849624	-0.929293	-0.773585	-0.915493	-0.931034	-0.582355	-0.567164	-0.629165	-0.801268	-0.131579	-0.745878	-0.758786	-0.525773	-0.645669	-0.764706	-1.000000
-0.434048	-0.419682	-0.441780	-0.676182	-0.618182	-0.631902	-0.807963	-0.810945	-0.181818	-0.617021	-0.910177	-0.584972	-0.845451	-0.949914	-0.862069	-0.473684	-0.823232	-0.584906	-0.492958	-0.793103	-0.558876	-0.328891	-0.542806	-0.785342	-0.710526	-0.602328	-0.744409	-0.546392	-0.350394	-0.777778	-1.000000
-0.622415	-0.493405	-0.613848	-0.806575	-0.345455	-0.435583	-0.555035	-0.641791	-0.565657	-0.319149	-0.894966	-0.550939	-0.806908	-0.957609	-0.517241	-0.338346	-0.676768	-0.320755	-0.802817	-0.724138	-0.684810	-0.208422	-0.604263	-0.856862	-0.105263	-0.260912	-0.236422	0.072165	-0.614173	-0.477124	-1.000000
0.019357	0.239094	0.015963	-0.288993	-0.145455	-0.312883	-0.203747	-0.174129	-0.343434	-0.617021	-0.798624	-0.683094	-0.800594	-0.861232	-0.793103	-0.729323	-0.813131	-0.584906	-0.887324	-0.862069	-0.032373	0.413646	-0.053837	-0.384683	-0.092105	-0.322987	0.022364	0.353952	-0.444882	-0.529412	1.000000
-0.524918	0.252621	-0.544192	-0.746341	-0.436364	-0.723926	-0.807963	-0.810945	-0.434343	-0.531915	-0.942774	-0.405525	-0.928474	-0.973635	-0.655172	-0.639098	-0.853535	-0.660377	-0.746479	-0.793103	-0.632871	0.378465	-0.654764	-0.833612	-0.342105	-0.691562	-0.710863	-0.512027	-0.649606	-0.647059	-1.000000
-0.297742	0.168752	-0.330247	-0.573616	-0.690909	-0.797546	-0.836066	-0.830846	-0.343434	-0.829787	-0.913075	-0.756464	-0.908590	-0.948756	-0.793103	-0.774436	-0.898990	-0.773585	-0.830986	-0.931034	-0.468517	0.063966	-0.502067	-0.729945	-0.592105	-0.769156	-0.765176	-0.615120	-0.692913	-0.869281	-1.000000
-0.562781	-0.414948	-0.584134	-0.771622	-0.418182	-0.754601	-0.840749	-0.820896	-0.535354	-0.617021	-0.949294	-0.820552	-0.948546	-0.977258	-0.655172	-0.774436	-0.893939	-0.735849	-0.633803	-0.862069	-0.655639	-0.360341	-0.678570	-0.847670	-0.171053	-0.701261	-0.702875	-0.429553	-0.350394	-0.686275	-1.000000
-0.345071	-0.532634	-0.375579	-0.613234	-0.727273	-0.791411	-0.896956	-0.870647	-0.242424	-0.787234	-0.968127	-0.904530	-0.940159	-0.973000	-0.931034	-0.834586	-0.949495	-0.811321	-0.859155	-0.931034	-0.487015	-0.478678	-0.494098	-0.737662	-0.697368	-0.662464	-0.779553	-0.573883	-0.559055	-0.712418	-1.000000
-0.573193	-0.669936	-0.582614	-0.778240	-0.054545	-0.613497	-0.751756	-0.800995	-0.272727	-0.319149	-0.934082	-0.643757	-0.923668	-0.971842	-0.793103	-0.714286	-0.787879	-0.698113	-0.718310	-0.793103	-0.681964	-0.473348	-0.684944	-0.861188	-0.157895	-0.662464	-0.584665	-0.491409	-0.456693	-0.516340	-1.000000
-0.275025	-0.517078	-0.303158	-0.556734	-0.400000	-0.705521	-0.756440	-0.721393	-0.646465	-0.829787	-0.921767	-0.714475	-0.932715	-0.950773	-0.862069	-0.819549	-0.909091	-0.773585	-0.859155	-1.000000	-0.393099	-0.284648	-0.446287	-0.682560	-0.434211	-0.650824	-0.610224	-0.463918	-0.645669	-0.856209	-1.000000
-0.555208	-0.563071	-0.561882	-0.765005	0.090909	-0.546012	-0.798595	-0.691542	-0.202020	-0.404255	-0.812387	-0.649061	-0.830655	-0.922420	-0.517241	-0.834586	-0.904040	-0.547170	-0.605634	-0.862069	-0.616507	-0.489872	-0.639823	-0.820783	0.078947	-0.765276	-0.761981	-0.326460	-0.511811	-0.673203	-1.000000
-0.080979	-0.290497	-0.125009	-0.394189	-0.600000	-0.680982	-0.831382	-0.771144	-0.202020	-0.872340	-0.902209	-0.908066	-0.904066	-0.939679	-0.931034	-0.819549	-0.929293	-0.811321	-0.661972	-0.931034	-0.199573	-0.224947	-0.234125	-0.558199	-0.605263	-0.485936	-0.603834	-0.402062	0.228346	-0.725490	1.000000
0.043968	-0.266148	0.031166	-0.267444	-0.145455	-0.325153	-0.451991	-0.223881	0.070707	-0.531915	-0.534227	-0.589834	-0.566885	-0.690182	-0.586207	-0.624060	-0.813131	-0.396226	-0.408451	-0.793103	-0.032373	-0.251599	-0.073759	-0.390090	-0.210526	-0.600388	-0.594249	0.024055	-0.334646	-0.725490	1.000000
-0.463392	-0.427798	-0.462373	-0.709777	-0.000000	-0.300613	-0.625293	-0.492537	-0.414141	-0.191489	-0.913075	-0.879337	-0.911511	-0.956675	-0.724138	-0.654135	-0.868687	-0.622642	-0.718310	-0.793103	-0.541089	-0.460021	-0.552966	-0.779542	0.078947	-0.307468	-0.428115	-0.030928	-0.342520	-0.372549	-1.000000
0.524824	-0.315522	0.496925	0.305196	-0.272727	-0.331288	-0.213115	-0.004975	-0.555556	-0.787234	-0.145962	-0.829834	-0.163361	-0.352265	-0.724138	-0.518797	-0.797980	-0.169811	-0.605634	-0.862069	0.626467	-0.368337	0.604562	0.276445	-0.355263	-0.350145	-0.394569	0.553265	-0.468504	-0.764706	1.000000
-0.783520	-0.786270	-0.755373	-0.910753	1.000000	0.257669	-0.545667	-0.472637	0.333333	0.914894	-0.785585	-0.676022	-0.787306	-0.950549	-0.448276	-0.353383	-0.823232	-0.169811	-0.521127	-0.379310	-0.832800	-0.767591	-0.814333	-0.943472	0.565789	-0.385063	-0.664537	-0.298969	-0.417323	-0.084967	-1.000000
-0.504094	-0.301319	-0.506876	-0.737349	0.036364	-0.411043	-0.615925	-0.781095	0.070707	-0.191489	-0.950018	-0.807293	-0.978420	-0.978416	-0.724138	-0.699248	-0.797980	-0.622642	-0.859155	-0.793103	-0.627890	-0.352345	-0.654166	-0.837741	-0.092105	-0.602328	-0.434505	-0.443299	-0.547244	-0.568627	-1.000000
-0.613896	-0.498816	-0.620482	-0.810817	0.200000	-0.460123	-0.807963	-0.572139	-0.101010	0.276596	-0.952191	-0.703867	-0.947133	-0.979462	-0.241379	-0.684211	-0.909091	-0.509434	-0.605634	-0.517241	-0.732480	-0.535181	-0.744310	-0.888960	0.250000	-0.658584	-0.798722	-0.347079	-0.519685	-0.189542	-1.000000
-0.280704	-0.732837	-0.302052	-0.562842	-0.181818	-0.570552	-0.615925	-0.572139	-0.313131	-0.744681	-0.779790	-0.883315	-0.829996	-0.886783	-0.793103	-0.759398	-0.848485	-0.660377	-0.802817	-0.931034	-0.371754	-0.721748	-0.421386	-0.667322	-0.328947	-0.677983	-0.602236	-0.367698	-0.578740	-0.803922	-1.000000
-0.587392	-0.398039	-0.599613	-0.789862	-0.054545	-0.595092	-0.798595	-0.741294	-0.121212	-0.489362	-0.905107	-0.712707	-0.930830	-0.957460	-0.517241	-0.789474	-0.893939	-0.584906	-0.549296	-1.000000	-0.676983	-0.413113	-0.713731	-0.855781	0.013158	-0.747818	-0.741214	-0.415808	-0.409449	-0.830065	-1.000000
-0.386720	-0.388569	-0.396724	-0.654210	-0.000000	-0.417178	-0.803279	-0.681592	-0.333333	-0.446809	-0.936255	-0.890829	-0.935353	-0.965379	-0.862069	-0.819549	-0.924242	-0.735849	-0.830986	-0.931034	-0.472074	-0.299574	-0.487126	-0.737220	0.197368	-0.447139	-0.576677	-0.017182	-0.228346	-0.581699	-1.000000
-0.365895	-0.552249	-0.392302	-0.633510	-0.272727	-0.668712	-0.915691	-0.810945	-0.424242	-0.489362	-0.932633	-0.946961	-0.941950	-0.960971	-0.862069	-0.924812	-0.964646	-0.811321	-0.915493	-0.931034	-0.436499	-0.563966	-0.490114	-0.710873	-0.276316	-0.749758	-0.806709	-0.402062	-0.507874	-0.699346	-1.000000
-0.623361	-0.464998	-0.626840	-0.811580	-0.200000	-0.515337	-0.751756	-0.721393	-0.434343	-0.404255	-0.971749	-0.459448	-0.961551	-0.987718	-0.448276	-0.518797	-0.777778	-0.509434	-0.859155	-0.793103	-0.737460	-0.227612	-0.740824	-0.890729	-0.052632	-0.565470	-0.661342	-0.319588	-0.712598	-0.633987	-1.000000
-0.371575	-0.085560	-0.400180	-0.635461	-0.290909	-0.705521	-0.859485	-0.761194	-0.393939	-0.659574	-0.830496	-0.568619	-0.876643	-0.908711	-0.724138	-0.714286	-0.898990	-0.660377	-0.633803	-0.862069	-0.472074	-0.090085	-0.530156	-0.732304	-0.328947	-0.757517	-0.832268	-0.505155	-0.574803	-0.803922	-1.000000
-0.683942	-0.550896	-0.702578	-0.846108	-0.254545	-0.809816	-0.953162	-0.950249	-0.171717	-0.489362	-0.929011	-0.731713	-0.943552	-0.976959	-0.655172	-0.924812	-0.949495	-0.811321	-0.774648	-0.862069	-0.763785	-0.480277	-0.793715	-0.901838	-0.250000	-0.881668	-0.929712	-0.835052	-0.559055	-0.751634	-1.000000
-0.636613	-0.019276	-0.653099	-0.814973	-0.472727	-0.711656	-0.929742	-0.920398	-0.070707	-0.446809	-0.704455	-0.311381	-0.735476	-0.902136	-0.586207	-0.744361	-0.934343	-0.773585	-0.521127	-0.862069	-0.637140	0.035714	-0.666418	-0.842509	-0.355263	-0.736178	-0.900958	-0.773196	-0.409449	-0.725490	-1.000000
-0.607270	-0.138992	-0.617165	-0.800721	-0.218182	-0.613497	-0.775176	-0.771144	-0.020202	-0.319149	-0.878305	-0.510718	-0.883428	-0.958730	-0.931034	-0.563910	-0.828283	-0.622642	-0.408451	-0.724138	-0.709000	-0.134328	-0.727178	-0.876425	-0.500000	-0.707081	-0.750799	-0.560137	-0.366142	-0.673203	-1.000000
-0.452033	0.333784	-0.480893	-0.690859	-0.454545	-0.858896	-0.906323	-0.850746	-0.515152	-0.744681	-0.906556	-0.554917	-0.932149	-0.955330	-0.517241	-0.849624	-0.934343	-0.660377	-0.690141	-0.931034	-0.577375	0.278252	-0.624583	-0.798712	-0.315789	-0.846751	-0.861022	-0.553265	-0.665354	-0.869281	-1.000000
-0.768849	0.228948	-0.786193	-0.891580	-0.490909	-0.809816	-1.000000	-1.000000	-0.313131	-0.531915	-0.691416	0.134586	-0.730387	-0.916668	-0.310345	-0.864662	-1.000000	-1.000000	-0.380282	-0.862069	-0.817858	0.184435	-0.839733	-0.928529	-0.526316	-0.912706	-1.000000	-1.000000	-0.637795	-0.803922	-1.000000
0.319419	0.040243	0.371156	0.020997	0.036364	0.257669	0.484778	0.462687	0.101010	-0.191489	-0.384281	-0.705635	-0.246007	-0.581627	-0.724138	-0.383459	-0.606061	-0.018868	-0.633803	-0.655172	0.163999	-0.073028	0.281837	-0.196913	-0.078947	-0.239573	0.054313	0.745704	-0.460630	-0.424837	1.000000
-0.926262	0.003044	-0.942920	-0.968187	-1.000000	-0.846626	-1.000000	-1.000000	-0.464646	-0.617021	-0.801521	-0.527956	-0.831221	-0.953874	-0.655172	-0.954887	-1.000000	-1.000000	-0.464789	-0.862069	-0.891427	-0.021855	-0.912844	-0.959005	-0.750000	-0.928225	-1.000000	-1.000000	-0.484252	-0.803922	-1.000000
